
$orca_hessian_file

$act_atom
  0

$act_coord
  0

$act_energy
     -342.303363

$hessian
12
                    0                  1                  2                  3                  4        
    0      4.0512131587E-01   1.0792174754E-05  -4.6958261587E-04  -1.7626968538E-01  -8.9032393944E-02
    1      1.0792174754E-05   4.0573332789E-01  -8.1465758151E-05  -8.9051384438E-02  -9.3733224286E-02
    2     -4.6958261587E-04  -8.1465758151E-05   1.0213832457E-01   4.5895304328E-02   2.9258328047E-02
    3     -1.7626968538E-01  -8.9051384438E-02   4.5895304328E-02   1.7495920373E-01   9.5015400144E-02
    4     -8.9032393944E-02  -9.3733224286E-02   2.9258328047E-02   9.5015400144E-02   8.6765975132E-02
    5      6.2991450057E-02   4.0009390921E-02  -3.4207081838E-02  -5.1571767083E-02  -3.2850128332E-02
    6     -3.7648615476E-02   8.9580533710E-03   2.4882735611E-03   4.5495083338E-03  -1.0811359455E-02
    7      8.6036995199E-03  -2.3305626045E-01  -5.4053580759E-02   1.2061271225E-03  -1.7329546136E-03
    8      3.2978257925E-03  -7.3988822176E-02  -3.3991241109E-02  -3.6040153417E-04   6.7719535125E-03
    9     -1.9166885845E-01   8.0467924495E-02  -4.7828562578E-02  -4.5345979128E-03   6.0335462123E-03
   10      8.0417219929E-02  -7.8673354796E-02   2.4842224727E-02  -7.2112149209E-03   8.6203626312E-03
   11     -6.5819674571E-02   3.4060899619E-02  -3.3861611515E-02   6.0289336453E-03  -3.1852035342E-03
                    5                  6                  7                  8                  9        
    0      6.2991450057E-02  -3.7648615476E-02   8.6036995199E-03   3.2978257925E-03  -1.9166885845E-01
    1      4.0009390921E-02   8.9580533710E-03  -2.3305626045E-01  -7.3988822176E-02   8.0467924495E-02
    2     -3.4207081838E-02   2.4882735611E-03  -5.4053580759E-02  -3.3991241109E-02  -4.7828562578E-02
    3     -5.1571767083E-02   4.5495083338E-03   1.2061271225E-03  -3.6040153417E-04  -4.5345979128E-03
    4     -3.2850128332E-02  -1.0811359455E-02  -1.7329546136E-03   6.7719535125E-03   6.0335462123E-03
    5      2.4868748197E-02  -4.8726331122E-03  -3.6171329925E-03   4.6596746659E-03  -5.6953701804E-03
    6     -4.8726331122E-03   3.2447593919E-02  -9.4124034843E-03  -2.7077584778E-03   3.6320666298E-03
    7     -3.6171329925E-03  -9.4124034843E-03   2.3539859802E-01   6.0770836668E-02  -6.3202731504E-04
    8      4.6596746659E-03  -2.7077584778E-03   6.0770836668E-02   2.4663524362E-02  -2.4589832168E-04
    9     -5.6953701804E-03   3.6320666298E-03  -6.3202731504E-04  -2.4589832168E-04   1.9135225606E-01
   10     -3.6809132481E-03   1.1268038851E-02  -7.2328916922E-04   6.7402219876E-03  -8.5830018658E-02
   11      4.6526828056E-03   5.0916805562E-03  -3.0907138402E-03   4.6418846884E-03   5.3778181112E-02
                   10                 11        
     0      8.0417219929E-02  -6.5819674571E-02
     1     -7.8673354796E-02   3.4060899619E-02
     2      2.4842224727E-02  -3.3861611515E-02
     3     -7.2112149209E-03   6.0289336453E-03
     4      8.6203626312E-03  -3.1852035342E-03
     5     -3.6809132481E-03   4.6526828056E-03
     6      1.1268038851E-02   5.0916805562E-03
     7     -7.2328916922E-04  -3.0907138402E-03
     8      6.7402219876E-03   4.6418846884E-03
     9     -8.5830018658E-02   5.3778181112E-02
    10      7.0699539318E-02  -2.7905895191E-02
    11     -2.7905895191E-02   2.4540785905E-02

$vibrational_frequencies
12
    0        0.000000
    1        0.000000
    2        0.000000
    3        0.000000
    4        0.000000
    5        0.000000
    6      763.262964
    7     1071.880975
    8     1086.082927
    9     2562.934233
   10     2636.526552
   11     2636.861180

$normal_modes
12 12
                    0                  1                  2                  3                  4        
    0      0.0000000000E+00   0.0000000000E+00   0.0000000000E+00   0.0000000000E+00   0.0000000000E+00
    1      0.0000000000E+00   0.0000000000E+00   0.0000000000E+00   0.0000000000E+00   0.0000000000E+00
    2      0.0000000000E+00   0.0000000000E+00   0.0000000000E+00   0.0000000000E+00   0.0000000000E+00
    3      0.0000000000E+00   0.0000000000E+00   0.0000000000E+00   0.0000000000E+00   0.0000000000E+00
    4      0.0000000000E+00   0.0000000000E+00   0.0000000000E+00   0.0000000000E+00   0.0000000000E+00
    5      0.0000000000E+00   0.0000000000E+00   0.0000000000E+00   0.0000000000E+00   0.0000000000E+00
    6      0.0000000000E+00   0.0000000000E+00   0.0000000000E+00   0.0000000000E+00   0.0000000000E+00
    7      0.0000000000E+00   0.0000000000E+00   0.0000000000E+00   0.0000000000E+00   0.0000000000E+00
    8      0.0000000000E+00   0.0000000000E+00   0.0000000000E+00   0.0000000000E+00   0.0000000000E+00
    9      0.0000000000E+00   0.0000000000E+00   0.0000000000E+00   0.0000000000E+00   0.0000000000E+00
   10      0.0000000000E+00   0.0000000000E+00   0.0000000000E+00   0.0000000000E+00   0.0000000000E+00
   11      0.0000000000E+00   0.0000000000E+00   0.0000000000E+00   0.0000000000E+00   0.0000000000E+00
                    5                  6                  7                  8                  9        
    0      0.0000000000E+00  -7.3579490718E-05   1.4371664981E-03  -3.3958095103E-02  -6.4674842426E-05
    1      0.0000000000E+00   2.6420255725E-07  -3.3833222958E-02  -1.4864189940E-03  -4.6998719821E-05
    2      0.0000000000E+00  -5.4217317408E-02  -1.4918195315E-05   2.1630772121E-05   1.3871755266E-02
    3      0.0000000000E+00   1.3149415516E-01  -4.0637151910E-01   1.4548029057E-01   4.7293198455E-01
    4      0.0000000000E+00   8.3303750998E-02   5.4920219336E-01  -3.7582061637E-01   3.0134937256E-01
    5      0.0000000000E+00   5.5522818703E-01  -9.5089122222E-02  -1.6574535094E-01  -1.4346937429E-01
    6      0.0000000000E+00   7.4318532843E-03   5.8930661251E-03   7.8704699254E-01   2.5221986571E-02
    7      0.0000000000E+00  -1.5444503873E-01  -9.3955249798E-02   3.6392884352E-02  -5.5798157212E-01
    8      0.0000000000E+00   5.5526735143E-01   1.9122134826E-01  -1.0115109483E-03  -1.4169066915E-01
    9      0.0000000000E+00  -1.3666504500E-01   3.5631694988E-01   1.1094299242E-01  -4.9616663127E-01
   10      0.0000000000E+00   7.1133169271E-02   5.8438623888E-01   3.8510267440E-01   2.5807638443E-01
   11      0.0000000000E+00   5.5550365736E-01  -9.5673817123E-02   1.6609218775E-01  -1.4109367442E-01
                   10                 11        
     0      3.3645847016E-02   1.8917124981E-02
     1     -1.9009961475E-02   3.3714342662E-02
     2     -3.9161172935E-05  -1.2106806239E-05
     3     -3.1415383038E-01  -5.8149148317E-01
     4     -1.9429398550E-01  -3.7618862969E-01
     5      1.0276522499E-01   1.9292202202E-01
     6     -2.2342429499E-02   2.7746482130E-02
     7      4.1502678263E-01  -6.6756566187E-01
     8      1.1534507973E-01  -1.8534161662E-01
     9     -6.9737920192E-01  -2.7543718381E-02
    10      3.6340861828E-01   7.7740836074E-03
    11     -2.1690695337E-01  -7.2083853366E-03

#
# The atoms: label  mass x y z (in bohrs)
#
$atoms
4
 P     30.97400     -2.815714708524    -0.583783198351     0.523356820495
 H      1.00800     -0.679811036111     0.779382082682    -0.178139009060
 H      1.00800     -2.704665574247    -3.116354718609    -0.173888179725
 H      1.00800     -5.066034638113     0.584922051922    -0.171329631709

$actual_temperature
  0.000000

$frequency_scale_factor
  1.000000

$dipole_derivatives
12
    6.9828911388E-01   -2.8898932483E-05    1.2662167448E-04
   -2.7639063650E-05    7.0120461444E-01    6.2791993993E-05
    1.5584379248E-04    2.5263561564E-05    8.0409769740E-01
    1.5680482267E-01    1.2038384348E-01   -5.1436799757E-02
    1.2020915552E-01    4.3978693739E-02   -3.2884843337E-02
    9.0144139970E-03    5.6842728014E-03    6.5335963008E-02
   -2.4832554709E-02   -1.4100050335E-02   -3.1190386506E-03
   -1.1624543417E-02    2.3314553647E-01    6.0680059561E-02
    6.4235862844E-04   -1.0925470578E-02    6.5247939109E-02
    1.7727513904E-01   -1.0859931791E-01    5.3809879069E-02
   -1.0855270899E-01    2.3655020171E-02   -2.7855354608E-02
   -9.8144931459E-03    5.2155758425E-03    6.5198078996E-02

#
# The IR spectrum
#  wavenumber eps Int TX TY TZ
#
$ir_spectrum
12
      0.00   0.00000000   0.00000000     0.000000     0.000000     0.000000
      0.00   0.00000000   0.00000000     0.000000     0.000000     0.000000
      0.00   0.00000000   0.00000000     0.000000     0.000000     0.000000
      0.00   0.00000000   0.00000000     0.000000     0.000000     0.000000
      0.00   0.00000000   0.00000000     0.000000     0.000000     0.000000
      0.00   0.00000000   0.00000000     0.000000     0.000000     0.000000
    763.26   0.00023958   1.21073112     0.000039    -0.000029     0.009897
   1071.88   0.00179811   9.08689996     0.000971    -0.022859     0.000007
   1086.08   0.00154846   7.82530566    -0.021052    -0.001308    -0.000042
   2562.93   0.00268222  13.55484848     0.000035    -0.000047    -0.018072
   2636.53   0.01097456  55.46093022    -0.031419     0.017659     0.000033
   2636.86   0.01093373  55.25459760    -0.017694    -0.031319     0.000004


$end

