
$orca_opt_file

$trust
    0.300000000000

$epredict
    0.000000000000

$ediffsc
  1000.000000000000

$ctyp
  3

$coordinates
 3 12
  -2.81571471  -0.58378320   0.52335682  -0.67981104   0.77938208  -0.17813901
  -2.70466557  -3.11635472  -0.17388818  -5.06603464   0.58492205  -0.17132963

  -2.81528924  -0.58416447   0.53509130  -0.67796013   0.78179411  -0.18202935
  -2.70543650  -3.11932147  -0.17772387  -5.06754008   0.58585805  -0.17533808

  -2.81472430  -0.58469076   0.54629260  -0.67738224   0.78380555  -0.18573236
  -2.70644809  -3.12120273  -0.18135351  -5.06767133   0.58625415  -0.17920673


# redundant internal coordinates
#  nbonds nangles ndihedrals nimpropers ncartesians
# bond  definitions A B
# angle definitions A B C
# dihedral definitions A B C D
# improper torsion definitions A B C D
# cartesian definitions A x/y/z
$redundant_internals
 3 3 0 1 0
   1   0   0
   2   0   0
   3   0   0
   1   0   3   0   0
   2   0   3   0   0
   1   0   2   0   0
   1   3   2   0   0
$energies
 3
 -342.7635116618557163
 -342.7635679455920581
 -342.7635830856054326

$gradients
 3 12
  -0.0000987405808806   0.0002335077885657  -0.0037734781798813  -0.0019889921155183
  -0.0014566319579106   0.0013089347691966   0.0001150150791405   0.0024193648234117
   0.0012625313770786   0.0020282293786939  -0.0011673452023704   0.0011424185127307

  -0.0000975183529718   0.0001642506778302  -0.0017905754271942  -0.0008102413539474
  -0.0006343481346294   0.0006129408299260   0.0001286307256463   0.0010252595953391
   0.0006224793444124   0.0008261538598980  -0.0005339968859023   0.0004955845729142

  -0.0000607080784943   0.0000738753366425  -0.0000263891447558   0.0000630227024793
   0.0000220077255937  -0.0000050635001873   0.0001125888936278  -0.0000386617401294
   0.0000573497855961  -0.0000757644609852  -0.0000439811275518  -0.0000853046654085


$redundant_coords
 3 7
   2.6291444388098246   2.6291445387756438   2.6291445404155569   1.9761730109584863
   1.9760707524596386   1.9761730620570948  -0.7718872770969775
   2.6359591494547434   2.6357530360252501   2.6355827535074261   1.9709110124812446
   1.9711107792103995   1.9725748727262307  -0.7862060710989046
   2.6413772470582439   2.6410387302778813   2.6406877165745386   1.9654458903116165
   1.9661748284392622   1.9693267292761276  -0.8000420277137480

$redundant_gradients
 3 7
  -0.0027275370539647  -0.0026450012531960  -0.0025768462696348   0.0005330403394685
   0.0008892444494466  -0.0000550469301874   0.0012652152972582
  -0.0011619259720595  -0.0011336009265469  -0.0010947429170114   0.0003357578347926
   0.0004800050462993  -0.0000858581908379   0.0006556078883710
   0.0000520347037912   0.0000410524120295   0.0000529701547144   0.0000936571093786
   0.0000452936311581  -0.0000890538009075   0.0000380839730292

$hessian_approx
 12 12
                  0          1          2          3          4          5    
      0       0.722148   0.000916  -0.010719  -0.295686  -0.114366   0.115550
      1       0.000916   0.721274   0.009020  -0.106480  -0.184516   0.068483
      2      -0.010719   0.009020   0.109180   0.044410   0.015236  -0.038663
      3      -0.295686  -0.106480   0.044410   0.277792   0.117459  -0.072250
      4      -0.114366  -0.184516   0.015236   0.117459   0.154178  -0.041694
      5       0.115550   0.068483  -0.038663  -0.072250  -0.041694   0.038088
      6      -0.118257   0.010078   0.010874   0.020518  -0.036153  -0.020929
      7       0.015170  -0.369626  -0.045532   0.020021   0.012181  -0.017954
      8       0.009068  -0.135218  -0.037808   0.002656   0.028080   0.001127
      9      -0.308191   0.095488  -0.045012  -0.002905   0.032882  -0.022212
     10       0.098291  -0.167127   0.020826  -0.031278   0.017979  -0.008675
     11      -0.113898   0.057715  -0.032701   0.025190  -0.001619  -0.000557
                  6          7          8          9         10         11    
      0      -0.118257   0.015170   0.009068  -0.308191   0.098291  -0.113898
      1       0.010078  -0.369626  -0.135218   0.095488  -0.167127   0.057715
      2       0.010874  -0.045532  -0.037808  -0.045012   0.020826  -0.032701
      3       0.020518   0.020021   0.002656  -0.002905  -0.031278   0.025190
      4      -0.036153   0.012181   0.028080   0.032882   0.017979  -0.001619
      5      -0.020929  -0.017954   0.001127  -0.022212  -0.008675  -0.000557
      6       0.085062  -0.015571  -0.006487   0.012664   0.041635   0.016542
      7      -0.015571   0.348543   0.082780  -0.019299   0.009219  -0.019299
      8      -0.006487   0.082780   0.037355  -0.005088   0.024505  -0.000677
      9       0.012664  -0.019299  -0.005088   0.298716  -0.108790   0.072309
     10       0.041635   0.009219   0.024505  -0.108790   0.139787  -0.036653
     11       0.016542  -0.019299  -0.000677   0.072309  -0.036653   0.033930

$bmatrix
 7 12
                  0          1          2          3          4          5    
      0      -0.809177  -0.518100   0.277138   0.809177   0.518100  -0.277138
      1      -0.040998   0.960422   0.275515   0.000000   0.000000   0.000000
      2       0.853167  -0.443424   0.274739   0.000000   0.000000   0.000000
      3      -0.024926   0.546025  -0.313396   0.222303  -0.263551   0.156375
      4      -0.461588  -0.293863  -0.312741   0.000000   0.000000   0.000000
      5       0.484807  -0.252201  -0.315139  -0.145832   0.311934   0.157355
      6       0.197546   0.125359  -0.956694   0.088135   0.056929   0.363761
                  6          7          8          9         10         11    
      0       0.000000   0.000000   0.000000   0.000000   0.000000   0.000000
      1       0.040998  -0.960422  -0.275515   0.000000   0.000000   0.000000
      2       0.000000   0.000000   0.000000  -0.853167   0.443424  -0.274739
      3       0.000000   0.000000   0.000000  -0.197378  -0.282475   0.157021
      4       0.343569  -0.030161   0.156262   0.118018   0.324024   0.156479
      5      -0.338975  -0.059733   0.157783   0.000000   0.000000   0.000000
      6      -0.143125  -0.091326   0.297057  -0.142556  -0.090963   0.295877

