
$orca_opt_file

$trust
    0.300000000000

$epredict
    0.000000000000

$ediffsc
  1000.000000000000

$ctyp
  3

$coordinates
 3 12
  -2.81571471  -0.58378320   0.52335682  -0.67981104   0.77938208  -0.17813901
  -2.70466557  -3.11635472  -0.17388818  -5.06603464   0.58492205  -0.17132963

  -2.81565989  -0.58397141   0.52482985  -0.67042553   0.78574980  -0.17865684
  -2.70435399  -3.12774597  -0.17434134  -5.07578655   0.59013379  -0.17183167

  -2.81555026  -0.58416924   0.52743928  -0.66508823   0.78961876  -0.17953930
  -2.70429602  -3.13444960  -0.17517218  -5.08129145   0.59316630  -0.17272780


# redundant internal coordinates
#  nbonds nangles ndihedrals nimpropers ncartesians
# bond  definitions A B
# angle definitions A B C
# dihedral definitions A B C D
# improper torsion definitions A B C D
# cartesian definitions A x/y/z
$redundant_internals
 3 3 0 1 0
   1   0   0
   2   0   0
   3   0   0
   1   0   3   0   0
   2   0   3   0   0
   1   0   2   0   0
   1   3   2   0   0
$energies
 3
 -342.7892880458325635
 -342.7893957366547397
 -342.7894154512241585

$gradients
 3 12
   0.0000173586947778   0.0001444841163345  -0.0035071210011927  -0.0037292685452064
  -0.0024266411193730   0.0011131659789882  -0.0001253355268047   0.0043801099302165
   0.0012433009709522   0.0038604065144705  -0.0020721942299689   0.0011312135039929

  -0.0000068011034735   0.0000964075319030  -0.0015181921653272  -0.0014228807719114
  -0.0009344208924820   0.0004401056011425  -0.0000148972375648   0.0016838718390627
   0.0005898720496048   0.0014680360278152  -0.0008194984400745   0.0004724994174326

  -0.0000096242267852   0.0000554772585966  -0.0001733271152277  -0.0000228543017495
  -0.0000140259589599  -0.0000144328452024   0.0000454709877674   0.0000346584296584
   0.0001491998933641   0.0000099379660398  -0.0000499512030708   0.0000247275352747


$redundant_coords
 3 7
   2.6291444388098246   2.6291445387756438   2.6291445404155569   1.9761730109584863
   1.9760707524596386   1.9761730620570948  -0.7718872770969775
   2.6406552515689246   2.6404579858140638   2.6404607248446417   1.9762486376536199
   1.9764252857029432   1.9767820784018053  -0.7707905147427063
   2.6479424309898811   2.6476348510704253   2.6476283837633958   1.9754245034505129
   1.9758910904306377   1.9766010747472842  -0.7724104940166645

$redundant_gradients
 3 7
  -0.0046080134286818  -0.0045290030205056  -0.0045300988394902   0.0000734442793814
  -0.0000601137900110  -0.0001151283289306  -0.0000967473603947
  -0.0017805963499625  -0.0017536634281151  -0.0017513972218176   0.0000877397140482
   0.0000568656533387  -0.0000514510306712   0.0000879004610760
  -0.0000444223870769  -0.0000457352443264  -0.0000428955287151   0.0000593426988329
   0.0000665375140211  -0.0000152286267950   0.0001045355093945

$hessian_approx
 12 12
                  0          1          2          3          4          5    
      0       0.722514   0.000339  -0.004091  -0.293118  -0.112024   0.113293
      1       0.000339   0.722095   0.001307  -0.108656  -0.186941   0.071044
      2      -0.004091   0.001307   0.146189   0.037180   0.021033  -0.049311
      3      -0.293118  -0.108656   0.037180   0.257226   0.107828  -0.068704
      4      -0.112024  -0.186941   0.021033   0.107828   0.151545  -0.042910
      5       0.113293   0.071044  -0.049311  -0.068704  -0.042910   0.041036
      6      -0.118520   0.010545   0.004777   0.017405  -0.038675  -0.018843
      7       0.011802  -0.366539  -0.042743   0.042205   0.021581  -0.020184
      8       0.006982  -0.132806  -0.049001   0.005258   0.026475   0.004304
      9      -0.310875   0.097773  -0.037885   0.018467   0.042858  -0.025741
     10       0.099882  -0.168615   0.020393  -0.041383   0.013808  -0.007946
     11      -0.116187   0.060456  -0.047824   0.026341  -0.004552   0.003953
                  6          7          8          9         10         11    
      0      -0.118520   0.011802   0.006982  -0.310875   0.099882  -0.116187
      1       0.010545  -0.366539  -0.132806   0.097773  -0.168615   0.060456
      2       0.004777  -0.042743  -0.049001  -0.037885   0.020393  -0.047824
      3       0.017405   0.042205   0.005258   0.018467  -0.041383   0.026341
      4      -0.038675   0.021581   0.026475   0.042858   0.013808  -0.004552
      5      -0.018843  -0.020184   0.004304  -0.025741  -0.007946   0.003953
      6       0.085190  -0.011648  -0.004557   0.015923   0.039778   0.018626
      7      -0.011648   0.325135   0.081512  -0.042336   0.019831  -0.018672
      8      -0.004557   0.081512   0.040734  -0.007676   0.024822   0.003945
      9       0.015923  -0.042336  -0.007676   0.276506  -0.098287   0.071226
     10       0.039778   0.019831   0.024822  -0.098287   0.134972  -0.037227
     11       0.018626  -0.018672   0.003945   0.071226  -0.037227   0.039909

$bmatrix
 7 12
                  0          1          2          3          4          5    
      0      -0.812126  -0.518813   0.266992   0.812126   0.518813  -0.266992
      1      -0.042020   0.963230   0.265373   0.000000   0.000000   0.000000
      2       0.855763  -0.444676   0.264451   0.000000   0.000000   0.000000
      3      -0.024962   0.551688  -0.304300   0.220222  -0.266594   0.151825
      4      -0.466207  -0.297089  -0.303545   0.000000   0.000000   0.000000
      5       0.489715  -0.254774  -0.305219  -0.149046   0.311738   0.152399
      6       0.193301   0.123613  -0.965445   0.084996   0.054244   0.363943
                  6          7          8          9         10         11    
      0       0.000000   0.000000   0.000000   0.000000   0.000000   0.000000
      1       0.042020  -0.963230  -0.265373   0.000000   0.000000   0.000000
      2       0.000000   0.000000   0.000000  -0.855763   0.444676  -0.264451
      3       0.000000   0.000000   0.000000  -0.195261  -0.285095   0.152476
      4       0.344875  -0.026737   0.151658   0.121331   0.323826   0.151888
      5      -0.340669  -0.056964   0.152820   0.000000   0.000000   0.000000
      6      -0.139231  -0.088981   0.300930  -0.139066  -0.088875   0.300573

