
$orca_opt_file

$trust
    0.300000000000

$epredict
    0.000000000000

$ediffsc
  1000.000000000000

$ctyp
  3

$coordinates
 3 12
  -2.81571471  -0.58378320   0.52335682  -0.67981104   0.77938208  -0.17813901
  -2.70466557  -3.11635472  -0.17388818  -5.06603464   0.58492205  -0.17132963

  -2.81566760  -0.58395596   0.52491045  -0.67114400   0.78524855  -0.17868215
  -2.70436703  -3.12686452  -0.17437133  -5.07504733   0.58973815  -0.17185697

  -2.81557355  -0.58413484   0.52746839  -0.66631595   0.78873520  -0.17954707
  -2.70430269  -3.13292028  -0.17518878  -5.08003376   0.59248614  -0.17273254


# redundant internal coordinates
#  nbonds nangles ndihedrals nimpropers ncartesians
# bond  definitions A B
# angle definitions A B C
# dihedral definitions A B C D
# improper torsion definitions A B C D
# cartesian definitions A x/y/z
$redundant_internals
 3 3 0 1 0
   1   0   0
   2   0   0
   3   0   0
   1   0   3   0   0
   2   0   3   0   0
   1   0   2   0   0
   1   3   2   0   0
$energies
 3
 -342.7865749494202987
 -342.7866676392319505
 -342.7866842115888062

$gradients
 3 12
   0.0000158703912879   0.0001359435579164  -0.0032871230912939  -0.0034630504798628
  -0.0022506747597226   0.0010465007370321  -0.0001198132512201   0.0040660051863800
   0.0011655052828266   0.0035870290228366  -0.0019243660439407   0.0010603355439813

  -0.0000055276827259   0.0000903986723814  -0.0014123660704257  -0.0013073363477979
  -0.0008563452101658   0.0004119489324401  -0.0000161609461093   0.0015458556860553
   0.0005497801893059   0.0013492593986634  -0.0007524727219903   0.0004392230818039

  -0.0000080749996207   0.0000519800105231  -0.0001591291745004  -0.0000180597782275
  -0.0000094786769395  -0.0000116539333464   0.0000400563165823   0.0000281976992438
   0.0001392549867333   0.0000058251324251  -0.0000434719648343   0.0000218699650999


$redundant_coords
 3 7
   2.6291444388098246   2.6291445387756438   2.6291445404155569   1.9761730109584863
   1.9760707524596386   1.9761730620570948  -0.7718872770969775
   2.6398380694097958   2.6396527680921875   2.6396665449145242   1.9761691543622997
   1.9763249749426952   1.9766462147145016  -0.7711269237239017
   2.6464979098285735   2.6462077693376749   2.6462234081283889   1.9753467347955456
   1.9757687106389388   1.9763908637325045  -0.7728501836751106

$redundant_gradients
 3 7
  -0.0042806506158376  -0.0042064338335847  -0.0042119480122234   0.0000708359274582
  -0.0000446387735823  -0.0000977939879403  -0.0000670593272786
  -0.0016367418872942  -0.0016109933849188  -0.0016114399881106   0.0000820251228460
   0.0000581788690810  -0.0000414403607036   0.0000940270067353
  -0.0000369495995486  -0.0000379473193781  -0.0000360439358692   0.0000542982761666
   0.0000612752538041  -0.0000113864000325   0.0000989348603995

$hessian_approx
 12 12
                  0          1          2          3          4          5    
      0       0.722514   0.000336  -0.004009  -0.293025  -0.111962   0.113266
      1       0.000336   0.722094   0.001347  -0.108655  -0.186944   0.071030
      2      -0.004009   0.001347   0.145472   0.037191   0.021122  -0.049054
      3      -0.293025  -0.108655   0.037191   0.257790   0.108295  -0.068695
      4      -0.111962  -0.186944   0.021122   0.108295   0.151921  -0.042933
      5       0.113266   0.071030  -0.049054  -0.068695  -0.042933   0.040945
      6      -0.118517   0.010550   0.004684   0.017334  -0.038720  -0.018811
      7       0.011692  -0.366536  -0.042839   0.041451   0.020969  -0.020165
      8       0.006955  -0.132819  -0.048766   0.005258   0.026449   0.004220
      9      -0.310971   0.097772  -0.037885   0.017882   0.042373  -0.025753
     10       0.099933  -0.168612   0.020358  -0.041099   0.014049  -0.007928
     11      -0.116215   0.060442  -0.047595   0.026323  -0.004592   0.003871
                  6          7          8          9         10         11    
      0      -0.118517   0.011692   0.006955  -0.310971   0.099933  -0.116215
      1       0.010550  -0.366536  -0.132819   0.097772  -0.168612   0.060442
      2       0.004684  -0.042839  -0.048766  -0.037885   0.020358  -0.047595
      3       0.017334   0.041451   0.005258   0.017882  -0.041099   0.026323
      4      -0.038720   0.020969   0.026449   0.042373   0.014049  -0.004592
      5      -0.018811  -0.020165   0.004220  -0.025753  -0.007928   0.003871
      6       0.085185  -0.011566  -0.004527   0.015998   0.039737   0.018658
      7      -0.011566   0.326131   0.081539  -0.041553   0.019446  -0.018623
      8      -0.004527   0.081539   0.040657  -0.007680   0.024835   0.003870
      9       0.015998  -0.041553  -0.007680   0.277113  -0.098583   0.071241
     10       0.039737   0.019446   0.024835  -0.098583   0.135113  -0.037224
     11       0.018658  -0.018623   0.003870   0.071241  -0.037224   0.039836

$bmatrix
 7 12
                  0          1          2          3          4          5    
      0      -0.812114  -0.518750   0.267151   0.812114   0.518750  -0.267151
      1      -0.042049   0.963184   0.265534   0.000000   0.000000   0.000000
      2       0.855733  -0.444642   0.264604   0.000000   0.000000   0.000000
      3      -0.024966   0.551883  -0.304618   0.220349  -0.266691   0.151983
      4      -0.466361  -0.297200  -0.303847   0.000000   0.000000   0.000000
      5       0.489878  -0.254866  -0.305498  -0.149060   0.311913   0.152539
      6       0.193447   0.123749  -0.965803   0.085107   0.054284   0.364124
                  6          7          8          9         10         11    
      0       0.000000   0.000000   0.000000   0.000000   0.000000   0.000000
      1       0.042049  -0.963184  -0.265534   0.000000   0.000000   0.000000
      2       0.000000   0.000000   0.000000  -0.855733   0.444642  -0.264604
      3       0.000000   0.000000   0.000000  -0.195383  -0.285192   0.152634
      4       0.345028  -0.026788   0.151808   0.121333   0.323989   0.152039
      5      -0.340818  -0.057047   0.152959   0.000000   0.000000   0.000000
      6      -0.139351  -0.089064   0.300999  -0.139203  -0.088969   0.300679

